46885
45636
44342
42962
42848
43770
41602
43748
48476
45669
42700
42850
42305
41888
45368
48448
46804
41936
44926
45973
41350
45353
44184
50401
46378
41138
47351
45605
42880
43075
46942
46632
44382
46308
45082
46432
47137
42926
44841
44149
43284
42814
44112
44394
47774
43096
44686
44897
46058
42197
42638
43097
44612
43491
44453
42518
47344
46546
44968
45723
45908
46808
46226
43244
42000
44568
43489
46636
45012
48705
44752
45358
44966
48145
46987
48361
44409
40862
46159
43242
43812
44956
48018
45443
45103
43649
44165
45472
43259
43445
45350
43596
43730
44938
47285
40935
44018
45457
45426
45533
47291
44148
42648
45480
44098
46311
48014
44508
44722
47852
47488
43262
43350
42528
44403
44747
46138
45021
46524
45983
44765
47546
46017
47326
45657
46036
43239
41243
46698
45135
43360
44134
45946
46211
43196
47529
45321
42265
46484
47454
44677
44821
43881
42768
44184
45526
43918
46507
43663
42659
42373
47275
47698
42614
44979
45204
42225
43968
45221
44214
45665
44158
40127
43034
45229
44932
48649
45358
43322
45745
45233
44137
41828
44014
47125
47498
45544
44536
41249
47777
45575
45232
44415
47280
45303
46137
45236
44309
43500
42235
41583
43669
45012
46921
44156
41495
47564
48023
49060
44263
43904
42670
46630
45800
45426
42362
44728
43551
46860
43375
44352
44749
46014
45256
45237
46857
45797
44966
46642
46744
46728
44411
45118
42273
46893
45089
45922
44752
46775
43788
43296
43483
43131
46728
43933
44735
45641
42653
45566
43806
47907
46032
44080
46281
44035
43872
46803
44503
45313
40991
44351
42563
49114
42126
45494
46707
47468
45711
45478
46928
43645
40500
46606
43416
43816
42957
46874
48118
46163
40692
42854
44729
41413
45897
45173
46245
42875
47765
43834
47045
45075
45314
44590
43341
43173
49182
44798
42482
45059
46712
42695
46277
39084
43106
45877
46545
45284
44484
39362
48696
44650
45462
48501
49297
42788
45152
45470
41891
47989
45482
47047
47846
45292
44182
45506
45396
44205
47687
47403
46718
40105
45201
47789
42460
46879
43725
43545
44959
44273
45414
43896
44560
48752
46294
44765
47108
44986
44143
45314
42661
46006
46288
47967
47613
48064
45766
44502
48709
42450
47758
44057
41337
44878
45728
42471
46020
45617
46657
44755
44323
43785
45550
45969
47118
44752
42216
43799
44992
45048
45671
47039
45020
42771
43669
42328
41104
42749
43689
43704
45792
43226
44980
48246
43261
46330
43769
44515
45159
47632
44889
47963
45483
44795
46689
46951
46312
44559
44089
46590
45414
52420
47432
43093
44092
43232
45045
47106
44981
47200
39737
46352
43981
42307
46497
45331
44660
46729
47448
43210
46738
43067
42674
45009
43402
45681
45085
46735
48798
46022
43703
46686
42756
46246
45760
48084
45996
41990
43059
44893
47600
46448
45492
44151
44751
47984
46386
42303
43860
42772
43543
48009
46961
46501
47207
42724
45053
40806
41190
44392
45159
42613
43063
44484
48180
44398
43706
43047
43961
43839
44369
47910
43108
44689
43939
41102
43431
43079
45913
51652
43554
42577
44558
44676
42107
43510
40659
45571
45475
44570
41434
44229
50370
44692
40950
42933
48948
43417
43105
43121
43917
46488
48351
44305
42237
41032
45802
45329
45702
43610
41934
47173
45820
43779
43648
46952
47334
44588
45775
45454
43304
50150
50653
50474
44837
43903
43362
51224
45466
42844
44479
46904
47651
43234
44085
49169
46172
43125
45055
46561
44227
46682
44939
44406
43185
38807
42202
43899
45555
43699
45244
46710
45264
41408
45276
44743
46937
41348
41076
45444
44109
44509
44620
45799
46778
42288
44396
46360
45528
46153
44887
42186
43168
46926
44976
44830
42621
45049
43607
45279
47620
45448
44196
44412
47208
46797
45616
47478
45332
44619
45910
45750
45421
45025
44669
44813
46253
40753
44349
43451
47169
45267
47606
47477
42736
46936
46505
44949
44635
46243
44615
45550
42074
45879
44705
46291
41996
43051
45075
45831
43218
43738
46827
46360
44525
44827
46718
43952
42977
47231
43508
48359
44773
44798
47878
40622
45213
46421
43591
51329
46166
44360
44585
44382
44243
47332
45271
44747
45840
48448
45313
42135
46271
43665
43508
48542
43723
42871
41928
46608
47447
44269
45500
43997
46709
43691
47213
43373
45146
45628
48856
45470
42291
47524
47293
44188
47217
48268
47146
48176
44208
45153
46344
41596
43216
40567
45550
46467
43820
43269
42374
40362
47780
46654
42689
44123
46983
44028
47562
48386
46165
40917
46193
49266
41752
44861
43532
45289
44162
49041
46091
43964
42954
44151
41522
47321
44045
43375
45380
44070
42813
46381
42858
43003
40682
45949
46174
38180
43882
44042
41434
48399
45401
42862
45113
46061
46448
42884
46322
48245
45019
45729
46083
45799
48058
46513
45800
48210
43391
45316
45312
46963
43763
48328
44011
42843
45387
43531
44735
42786
42030
43340
48998
42953
44895
48969
46036
42408
47080
43540
43221
42813
45208
42352
41242
46706
45873
48604
40693
40727
47367
44293
46907
42154
45418
41751
47187
45026
44064
44570
45727
47508
42941
44746
46629
46867
45396
43226
42265
47006
44056
44890
47318
44996
45561
46049
45513
43641
44543
47795
44544
39165
46343
47251
46934
47162
45966
47219
45017
45381
42493
44454
47153
45244
42771
45557
44456
42364
43075
46834
43631
44099
45773
44311
43293
47858
46381
42766
46821
47633
48159
47826
45570
44787
49251
48635
46014
43155
43644
44428
47365
42905
44702
45588
44400
45870
44027
47209
46116
42675
44255
44301
44007
45740
46464
43037
39136
46383
45382
44343
43185
40645
45770
43406
50454
46015
46223
45333
43312
42295
44552
46239
46901
45936
45909
44434
45739
47249
44994
44854
46366
45793
45470
44400
41192
44711
47825
44407
45834
46880
46272
41538
44621
49927
43356
42887
46619
45479
46180
44975
45935
45994
43167
45476
46192
47641
42878
39764
48520
44180
43179
45953
44531
47229
46976
45412
47680
46730
44683
45701
46059
42314
45135
46941
43753
46231
46501
44580
44927
42461
45526
45484
47306
45066
44061
44663
40950
42452
46119
46378
47553
41577
45188
45003
45425
44130
45361
42336
41471
46021
47033
44351
45545
47229
46847
49168
44149
41968
49064
42821
49014
44358
40742
42203
44760
43984
42409
48240
45769
44971
41794
43520
42566
44567
45105
46298
47988
40508
45449
42275
42012
44647
45932
44517
44480
45026
45468
43817
46055
46518
44180
