  11.21823
   7.73734
   8.96952
  11.20705
  11.37648
   8.65273
  10.65486
   8.82777
   7.77415
   9.70523
  10.79625
  11.42861
  11.40285
  13.49703
   9.42123
  11.30340
  11.08193
  10.09934
  10.51715
   7.33702
  14.55169
   7.87317
  10.16657
   5.94615
   9.73072
   6.97102
   8.84347
   8.50939
   9.98039
   9.83064
  11.63285
   9.63229
  10.13586
  11.23518
  11.98966
  10.12323
  11.29480
   7.52369
   9.78225
  14.75650
   9.98932
   8.93850
   9.49716
  10.04108
   9.27567
   9.49404
   9.34329
  12.90186
  10.42813
  14.71358
   9.59333
  12.51449
   6.06487
   7.14283
   9.66784
  10.30191
   8.13550
  12.93580
  10.17660
   9.75247
  10.34094
  10.75497
   6.22651
   6.13109
   9.67825
  11.85185
   9.79364
  13.08588
  13.09328
   7.91693
   7.23965
   8.50992
  10.75858
  11.30132
  10.85980
   7.27692
   6.28097
  11.61930
  11.51000
  11.66956
  11.51518
  10.88887
   7.21578
  10.70703
  11.87954
  12.06043
  12.20298
   9.86109
   7.09629
  10.41431
  10.40125
   6.49262
   7.60739
   9.65264
   9.06030
   9.13191
   9.24545
  10.18405
   8.22387
  10.93240
  11.35413
   9.90779
   7.80255
  11.23427
   9.10767
   8.26792
   8.12084
   9.19173
  12.35329
   6.42878
   8.81684
  12.45919
  10.48796
   8.34572
   8.01540
   7.82544
  10.00787
  11.86346
  10.90004
  11.67852
   8.73805
  11.99192
   8.46686
   7.20279
   8.87469
  10.93929
  10.69040
  11.94351
  11.29404
  11.13464
  13.11908
  10.68474
  11.74652
   7.77901
   9.47589
  11.07087
   8.50662
   9.97251
  11.60790
  11.88083
   9.62985
   8.80179
  12.88546
   7.59118
  10.50601
  11.84220
  11.38064
   7.99838
   9.71309
  10.75135
  13.38735
  10.12526
   9.03557
  10.62251
   6.96186
   8.29473
  10.20227
  11.47400
   8.47579
  12.83902
  12.71321
   9.40552
  11.45052
  10.19795
  11.37890
  12.02255
  12.74594
   8.84084
   9.17070
  15.59246
   7.44501
   5.20223
   8.91218
  10.98597
   8.23126
  13.01665
   3.06408
   8.18693
  12.07799
  10.51463
  12.02143
   9.70434
  10.23650
   6.89987
   7.92935
  10.75698
  10.07064
   9.36842
  10.56198
  12.38670
  12.42431
  11.24969
  12.53407
   9.21193
   9.18774
  14.14017
   9.23663
  10.45125
  11.17102
  10.37996
  10.45430
  10.73472
  12.50368
   9.80071
   9.12615
   7.19283
  13.78552
  10.56556
  11.60603
  12.25349
   7.44121
   9.50110
  13.89317
  12.89787
  12.31811
  12.56582
   8.76836
   9.49815
   8.04959
   7.31307
  10.87470
  10.29903
   8.99562
  15.30822
  11.54491
   9.47867
   9.90923
  10.98993
  10.27284
   8.23414
   8.34239
   9.92870
  12.30623
  12.87943
  11.56127
   9.38730
   8.27578
   9.65827
  13.59129
   8.05309
  12.09088
   8.40367
  11.88982
   7.95032
   6.57634
   8.78773
  10.84846
  12.49387
   8.50299
  12.00199
  12.31778
  10.03324
   8.12876
   7.29247
  10.44340
  11.06472
  10.35082
   8.95839
   8.39489
  11.97376
  10.25290
   8.16243
   8.43530
  11.64955
   8.16942
  10.62330
   9.85634
   8.52841
  10.41783
   8.41054
  11.05638
  10.80373
   7.85871
   9.85484
   9.87255
  12.57478
  11.05091
   8.63872
   8.04812
   9.99437
   9.38480
   9.13149
   8.76309
  12.61745
   8.66845
   6.03120
   9.13651
  10.07929
   9.01158
   8.45619
   8.49569
   6.58725
  13.29807
   9.25151
   6.90042
   9.10327
  12.03433
   9.15421
   9.39356
   9.97371
  11.47849
  14.11081
   8.83301
   8.39241
  10.43636
  11.92907
  11.45426
  10.35725
   9.08141
  12.59583
   7.28146
  11.22171
  10.72381
   9.98750
  11.04567
   9.91062
   9.93909
  11.27542
  12.11253
  12.16256
   8.57091
  10.79778
   9.69977
   9.10494
   9.68435
   9.43149
   6.52383
   8.14603
   9.51386
   8.82561
   7.76691
  11.17732
   6.64083
  11.40331
   9.71342
   9.81880
   9.12433
  12.42067
  10.77586
   7.04501
   6.13564
   8.23666
  10.82248
   8.57602
  13.63675
   8.36182
   6.33032
   9.04708
   7.90657
  10.62371
  12.91071
  11.87705
  11.91335
  10.37168
  10.88777
  10.31452
   7.13912
  11.26228
  10.27883
   8.93631
  11.55042
   8.45974
  10.70590
  11.07143
  11.19507
  12.35449
  12.62807
   9.14904
   9.88709
   9.09141
   9.35450
  14.00639
   7.16393
   7.63691
  11.27645
  10.98998
  13.69914
   9.50883
  12.17670
  10.90693
  10.23700
   8.24384
   7.26406
  11.75946
   7.14610
   9.85266
   9.19896
  11.94166
  13.12851
  11.94542
   9.54405
   8.62224
   6.69270
  11.56275
   8.68772
  10.76312
  12.50367
  11.60178
  10.92237
  11.77252
   6.78479
  10.47862
   8.38832
  11.13436
  10.74611
  10.22214
  10.25456
   7.17359
   8.80629
  10.82634
  12.93016
  10.49581
   9.07622
   9.67143
   9.66869
   8.90877
   9.92644
   9.71014
   9.60334
  12.55001
  10.19500
   9.37005
   7.98702
   9.31756
   8.20353
   7.40712
  10.31815
  11.32691
  10.96870
   9.68701
  12.48021
   6.99794
   7.63403
   9.98616
   9.52308
   9.82686
  10.33340
  12.43543
  12.11260
  11.23370
   7.90383
  10.89260
  12.20293
   8.49864
  13.15002
  11.39258
   8.30445
   9.81517
   9.51126
   9.81803
  10.43369
   9.81669
   7.62349
  13.54750
  10.88161
  10.31577
  11.25470
   8.97377
   4.60420
  11.24547
   8.28842
  10.98460
  14.06324
  10.18517
  13.19343
   4.90011
  10.04289
   9.56220
  11.44661
  13.32350
  10.47493
   7.86924
   8.56290
  11.05397
   8.74476
  12.94547
  10.09911
  10.88534
   8.90076
  13.53052
  10.79173
  13.48829
   9.11192
  11.10559
  10.61537
  10.15638
  12.12600
   9.23799
   8.69716
   7.69689
   9.50843
   8.04418
   8.61566
  12.58813
  13.53735
   9.37542
   7.39688
   8.44127
  11.10301
   9.34178
   9.52812
   7.22893
  10.35868
  12.39962
   7.39179
  11.41728
  11.97697
  10.71279
   9.35753
  13.14203
  10.18427
  10.34516
   6.74315
   7.80439
  12.25541
   9.92148
  12.82171
  12.17541
  14.54782
   9.96622
  10.73769
  11.90421
  13.30837
   8.25330
  12.54947
   8.22939
  11.36762
  10.08047
   8.58321
  10.02149
  11.93753
  12.07925
   6.56991
   7.62878
   5.96001
   8.50621
  10.90761
   7.99591
  11.88510
   9.84348
   9.46992
  11.39316
   9.45003
   7.48245
  10.79274
  11.09719
  12.49056
   7.29366
  11.36243
   8.53343
  11.04293
   9.67305
  10.67233
  11.21826
   8.63787
   9.57577
  11.16357
   7.51393
   7.00747
  12.28633
   8.24278
  12.52864
  10.78830
  12.41102
   4.93223
   8.48527
  12.76611
   8.86728
   5.35139
   9.59700
  12.10345
   7.07038
   7.88398
   9.93710
  10.38272
   9.33327
   6.78759
   8.91418
  11.26490
  13.49614
  11.08759
  10.64213
   8.55788
   7.94725
  11.65512
   5.67100
  10.11843
  10.65391
   9.28239
   6.49118
  12.68667
  10.10479
   8.84326
   6.88720
  11.30179
   8.99448
  10.61734
  11.42787
  11.71526
   9.56677
  10.10966
   8.30687
  11.58234
  10.11433
  11.43676
  12.20015
   9.70075
   6.34574
   9.48635
  11.51026
   9.30129
  10.04906
   9.97570
  12.29964
   7.19761
  10.64619
   6.09724
   9.48476
   7.05274
  11.35166
  12.45851
  13.65364
   9.34408
   9.33695
   7.13719
  14.11340
   9.53238
   9.92757
  10.97676
  11.84149
   7.15505
   9.98585
  11.83420
  10.91389
   9.34076
   7.13264
  11.19247
   9.75035
  10.87970
   8.46242
  11.61069
   8.24774
  11.93281
  11.05758
   8.61801
   6.83542
   9.34072
  14.09947
   9.80681
   9.49156
   7.10278
   8.47892
   9.28684
  10.18344
   7.17161
  13.73095
  12.08088
  10.75913
   8.39843
  10.16475
   7.20582
  11.53355
   9.08884
  10.33137
   8.24303
   6.87150
   8.54412
   9.36657
  12.21048
   9.98019
   7.92081
  10.67008
  10.85208
   9.29145
   9.17971
  11.37729
   9.60584
   9.97371
  12.81222
  13.14194
   9.67846
  10.17673
   6.67183
   9.33034
   9.29788
  11.41630
  12.10018
   9.96134
   8.63357
  12.02703
  10.23501
  10.29869
   7.81681
   9.20005
  13.53286
  11.74710
  12.16837
   9.47549
   7.58803
   9.87024
  13.04618
  10.66717
   7.18144
  10.45859
   8.28263
  11.58630
   9.77631
  12.76290
   7.21462
   8.58992
   9.58082
  12.18297
   9.40398
  10.32602
  11.51790
   9.27044
   9.10559
   8.39114
   7.68424
   8.81444
  11.01465
   9.65105
   8.65491
   7.92025
  12.10616
   9.13411
  11.48879
  11.07951
  12.07954
   7.26161
   9.46040
   7.75895
  12.80010
   9.98267
  13.30324
  10.04781
  11.55905
   9.11039
   9.62527
  11.50750
   7.80979
   8.85937
  10.82875
  10.77277
   8.37945
   9.34377
   9.89931
  11.71678
   7.37393
   8.29340
  14.92996
  12.52123
  11.28548
   8.16493
   9.53423
  10.43369
  10.59523
   9.07497
  11.49955
   7.85117
   6.87204
   8.26799
  11.78501
   7.53698
   8.41808
   9.74408
   8.91424
  12.07413
  11.06466
  11.18483
  10.70918
  11.93129
  10.64192
   9.82727
  10.45669
   6.88509
  11.19164
   6.27423
  10.22363
   9.03299
   8.73179
  14.86278
  10.88314
   9.76510
   7.27691
  12.56539
   9.00499
  10.46243
   9.02269
  11.38683
  10.94520
  10.29098
   9.05110
  12.84471
   9.28781
   7.89393
  13.67007
  11.60094
  11.83285
  10.17746
  12.44800
  10.75686
  11.32641
   9.02114
   9.35372
  11.82518
  10.21923
   8.63295
   8.16995
  11.66218
  11.94208
  10.02121
  12.00094
  10.69832
   9.08992
   9.04739
   7.13565
  11.10069
   5.69248
  11.22388
  11.95241
   9.25962
  11.25281
  10.77696
   9.83730
  10.54590
   7.11543
  10.34541
   3.24731
  10.36358
   8.12940
  12.20790
  11.20841
   9.06308
   7.05472
  10.76857
  11.47434
  12.92401
   9.14346
  12.51712
  11.40771
   8.81037
  10.86709
   9.61504
   9.16047
  15.35634
   9.68706
  10.78950
   9.69009
   8.50161
   8.98887
  10.15789
   8.76294
  10.15709
   9.98985
   8.85222
  10.36215
   7.37068
  14.31272
  10.66911
   8.99354
  11.41711
   6.97730
  10.50211
  11.79982
   9.68993
  12.60740
  10.08379
  11.75904
  14.22647
   8.35970
   4.50027
   8.95991
   7.12551
  11.65388
   6.59591
  11.77834
   7.94533
  12.39219
   9.11871
  12.45882
   9.14916
   9.46340
   7.25673
  11.02141
   7.67378
   8.05451
  11.87783
   7.91463
  13.35186
   9.36303
   9.53854
   9.48607
  13.65005
   8.36880
   9.42510
   7.88931
  10.26487
  16.04666
   9.64923
   8.27536
   8.69592
   9.20184
  10.99756
  11.05087
   9.93212
   9.86785
  10.25163
  10.04686
   3.70835
   9.41388
  12.17113
  13.20161
  10.66599
  12.65269
  12.18739
  11.74877
  10.17338
   9.42345
   8.58936
   9.69192
   7.37919
   8.66465
   6.92076
   9.00417
  10.60098
  12.67734
  12.38313
  12.45767
  11.86125
  12.15716
   7.45109
   8.84702
   9.66269
   5.13702
  11.15375
  10.48480
   7.69500
   8.84511
   7.43622
  11.27418
  12.30211
  11.79662
   7.99784
  13.11352
   7.15091
  10.34494
   8.44651
   4.90368
   8.61266
  10.16361
   9.92730
  11.25661
   8.88229
  10.54732
  11.41407
   8.72442
   7.68820
   9.94905
  10.85017
  11.23547
   7.68385
  11.35023
  12.77248
   8.11210
   7.34041
  13.22954
  10.36416
  11.36439
  11.46053
  10.94287
  11.05692
  10.69973
  14.16609
  12.90412
  10.13747
  11.11280
  12.56154
   8.90303
  14.02826
   7.95555
  10.18258
   8.82279
  10.24298
  10.44474
   8.19273
   9.91997
  11.91503
  10.65393
   9.94985
  10.49908
  10.58592
  13.17388
   9.69487
   9.32105
   8.65932
  11.56086
  10.67312
  12.83302
  10.28298
